--------------------------------------------------------------------------
The following command line options and corresponding MCA parameter have
been deprecated and replaced as follows:

  Command line options:
    Deprecated:  --bynode, -bynode
    Replacement: --map-by node

  Equivalent MCA parameter:
    Deprecated:  rmaps_base_bynode
    Replacement: rmaps_base_mapping_policy=node

The deprecated forms *will* disappear in a future version of Open MPI.
Please update to the new syntax.
--------------------------------------------------------------------------
통신주고받는 세대 : 0
[0 0 1]
0 's 1
[0 0 1]
0 's 1
[0 0 0]
2 's 0
[0 0 0]
2 's 0
[1 0 0]
6 's 2
[1 0 0]
6 's 2
[0 0 0]
3 's 0
[0 0 0]
3 's 0
[0 1 0]
1 's 2
[0 1 0]
1 's 2
[0 0 0]
12 's 0
[0 0 0]
12 's 0
[0 0 0]
18 's 0
[0 0 0]
18 's 0
[0 0 0]
9 's 0
[0 0 0]
9 's 0
[0 0 0]
24 's 0
[0 0 0]
24 's 0
[0 0 0]
30 's 0
[0 0 0]
30 's 0
[0 0 0]
7 's 3
[0 0 0]
7 's 3
[0 0 0]
5 's 0
[0 0 0]
5 's 0
[0 0 0]
4 's 0
[0 0 0]
4 's 0
[0 0 0]
10 's 0
[0 0 0]
10 's 0
[1 1 1]
15 's 3
[1 1 1]
15 's 3
[0 0 0]
21 's 2
[0 0 0]
21 's 2
[0 0 0]
13 's 0
[0 0 0]
13 's 0
[0 0 0]
33 's 1794420096
[0 0 0]
33 's 1794420096
[0 0 0]
27 's 0
[0 0 0]
27 's 0
[0 0 0]
8 's 0
[0 0 0]
8 's 0
............
.##.........
.##.........
............
......##....
......##....
............
............
............
............
............
............
[0 0 0]
28 's 0
[0 0 0]
28 's 0
[0 0 0]
16 's 2
[0 0 0]
16 's 2
[0 0 0]
11 's 1978735742
[0 0 0]
11 's 1978735742
[0 0 0]
19 's 0
[0 0 0]
19 's 0
[0 0 0]
22 's 1
[0 0 0]
22 's 1
[0 0 0]
17 's 0
[0 0 0]
17 's 0
[0 0 0]
31 's 735983645
[0 0 0]
31 's 735983645
[0 0 0]
35 's -1146236768
[0 0 0]
35 's -1146236768
[0 0 0]
20 's 0
[0 0 0]
20 's 0
[0 0 0]
25 's 0
[0 0 0]
25 's 0
[0 0 0]
23 's 0
[0 0 0]
23 's 0
[0 0 0]
34 's -1679920320
[0 0 0]
34 's -1679920320
[0 0 0]
29 's 0
[0 0 0]
29 's 0
[0 0 0]
14 's 0
[0 0 0]
14 's 0
[0 0 0]
26 's 0
[0 0 0]
26 's 0
[0 0 0]
32 's -1191105856
[0 0 0]
32 's -1191105856
